66 414 750 175
66 1414 742 284
66 2414 741 387
66 3414 745 482
66 4414 740 581
66 5414 745 672
66 6414 737 770
66 7414 740 871
1066 414 654 171
1066 1414 642 290
1066 2414 650 382
1066 3414 644 477
1066 4414 650 574
1066 5414 642 681
1066 6414 642 781
2066 414 640 867
2066 414 550 168
2066 1414 552 284
2066 2414 545 388
2066 3414 548 482
2066 4414 555 577
2066 5414 544 678
2066 6414 540 771
2066 7414 541 875
4066 414 348 161
4066 1414 358 288
4066 2414 354 384
4066 5414 350 668
4066 6414 348 772
4066 7414 347 867
5066 414 262 188
5066 1414 242 271
5066 2414 240 371
5066 3414 241 475
5066 4414 237 575
5066 6414 242 672
5066 7414 235 887
6066 1414 108 124
6066 1414 100 238
6066 2414 94 345
6066 3414 95 461
6066 4414 87 581
6066 5414 92 697
6066 6414 92 811
6066 7414 92 915
